<?xml version="1.0"?>
<opencv_storage>
<mtx_left type_id="opencv-matrix">
  <rows>3</rows>
  <cols>3</cols>
  <dt>d</dt>
  <data>
    271.35152434084222 0. 371.1378723245715 0. 262.52549195499728
    236.15741253694839 0. 0. 1.</data></mtx_left>
<dist_left type_id="opencv-matrix">
  <rows>1</rows>
  <cols>5</cols>
  <dt>d</dt>
  <data>
    -0.084119454472195265 -0.054697314282501235 -0.010698378909919809
    0.041963542806866941 0.020321018006975441</data></dist_left>
<mtx_right type_id="opencv-matrix">
  <rows>3</rows>
  <cols>3</cols>
  <dt>d</dt>
  <data>
    143.5772545540116 0. 345.75541653327002 0. 135.53973484661438
    233.87303848564929 0. 0. 1.</data></mtx_right>
<dist_right type_id="opencv-matrix">
  <rows>1</rows>
  <cols>5</cols>
  <dt>d</dt>
  <data>
    -0.040048151212225297 -0.010405764167089946 -0.006301314988546026
    -0.011139144743479355 0.00193470044946451</data></dist_right>
<baseline>209.24683671459778</baseline>
<R type_id="opencv-matrix">
  <rows>3</rows>
  <cols>3</cols>
  <dt>d</dt>
  <data>
    0.98073250029677206 0.0056408923545439062 0.19527402078895795
    -0.038499424297366816 0.98556075005198274 0.16488724112478959
    -0.19152429921660918 -0.16922821363595858 0.96678862970101642</data></R>
<T type_id="opencv-matrix">
  <rows>3</rows>
  <cols>1</cols>
  <dt>d</dt>
  <data>
    131.75372655185882 -56.454284552042459 -152.44050633109489</data></T>
<R1 type_id="opencv-matrix">
  <rows>3</rows>
  <cols>3</cols>
  <dt>d</dt>
  <data>
    0.76744137587758399 -0.13906391285373132 -0.62585538483976522
    0.19467759651750013 0.980646269586401 0.020821319853575673
    0.61084725423405994 -0.13781916444415593 0.77966115069729136</data></R1>
<P1 type_id="opencv-matrix">
  <rows>3</rows>
  <cols>4</cols>
  <dt>d</dt>
  <data>
    1.6098560961370387 0. 396.44625902175903 0. 0. 1.6098560961370387
    227.33858203887939 0. 0. 0. 1. 0.</data></P1>
<R2 type_id="opencv-matrix">
  <rows>3</rows>
  <cols>3</cols>
  <dt>d</dt>
  <data>
    0.62965695740272687 -0.26979755315987541 -0.72852000405156003
    0.20052422887493668 0.96242466758696643 -0.18310869136725622
    0.75054789962297053 -0.030790250552103292 0.66009833422186881</data></R2>
<P2 type_id="opencv-matrix">
  <rows>3</rows>
  <cols>4</cols>
  <dt>d</dt>
  <data>
    1.6098560961370387 0. 396.44625902175903 336.85729568238685 0.
    1.6098560961370387 227.33858203887939 0. 0. 0. 1. 0.</data></P2>
<Q type_id="opencv-matrix">
  <rows>4</rows>
  <cols>4</cols>
  <dt>d</dt>
  <data>
    1. 0. 0. -396.44625902175903 0. 1. 0. -227.33858203887939 0. 0. 0.
    1.6098560961370387 0. 0. -0.0047790447669416852 0.</data></Q>
</opencv_storage>
